$GNGGA,094739.00,5729.72211342,N,00407.17647942,W,1,27,0.6,52.4183,M,53.6654,M,,*59
#AGRICA,94,GPS,FINE,2405,121677000,0,0,18,24;GNSS,232,26,2,9,9,47,39,1,4,7,11,4,0.0000,0.0000,0.0000,0.0000,0.0000,0.0000,124.2911,6.8871,0.0000,0.117,0.006,-0.096,-0.067,0.038,0.043,0.046,57.49536855707,-4.11960799028,52.4183,3426774.1694,-246813.0057,5355834.9444,1.8358,1.8916,2.5673,1.7138,1.7369,2.7541,0.00000000000,0.00000000000,0.0000,57.49535919908,-4.11964729224,49.7806,121677000,0.000,273.872742,53.665421,0.000000,0.000000,6,0,0,0*8c349172

$GNGGA,094740.00,5729.72211178,N,00407.17648566,W,1,27,0.6,52.4015,M,53.6654,M,,*57
#AGRICA,94,GPS,FINE,2405,121678000,0,0,18,25;GNSS,232,26,2,9,9,47,40,1,4,7,11,5,0.0000,0.0000,0.0000,0.0000,0.0000,0.0000,124.3191,6.5814,0.0000,0.081,0.026,-0.071,-0.029,0.049,0.057,0.061,57.49536852963,-4.11960809433,52.4015,3426774.1626,-246813.0114,5355834.9286,1.9106,1.9380,2.5945,1.7655,1.6210,2.8970,0.00000000000,0.00000000000,0.0000,57.49535916535,-4.11964724811,49.7766,121678000,0.000,290.406464,53.665421,0.000000,0.000000,5,0,0,0*e5819cd3

$GNGGA,094741.00,5729.72211613,N,00407.17646273,W,1,27,0.6,52.3922,M,53.6654,M,,*5B
#AGRICA,94,GPS,FINE,2405,121679000,0,0,18,24;GNSS,232,26,2,9,9,47,41,1,4,7,11,5,0.0000,0.0000,0.0000,0.0000,0.0000,0.0000,124.2819,6.6430,0.0000,0.058,0.016,-0.049,-0.027,0.026,0.030,0.031,57.49536860213,-4.11960771224,52.3922,3426774.1524,-246812.9877,5355834.9251,1.8801,1.8732,2.5679,1.6676,1.5397,2.9131,0.00000000000,0.00000000000,0.0000,57.49535913486,-4.11964721487,49.7724,121679000,0.000,288.230591,53.665421,0.000000,0.000000,5,0,0,0*95d5100e

$GNGGA,094742.00,5729.72210260,N,00407.17645905,W,1,25,0.7,52.3947,M,53.6654,M,,*50
#AGRICA,94,GPS,FINE,2405,121680000,0,0,18,24;GNSS,232,26,2,9,9,47,42,1,4,7,13,4,0.0000,0.0000,0.0000,0.0000,0.0000,0.0000,124.2852,5.8605,0.0000,0.028,-0.001,0.028,-0.001,0.050,0.058,0.064,57.49536837674,-4.11960765084,52.3947,3426774.1752,-246812.9857,5355834.9138,2.0381,2.2498,2.7421,1.9193,1.8821,3.0836,0.00000000000,0.00000000000,0.0000,57.49535909959,-4.11964718053,49.7682,121680000,0.000,93.029305,53.665421,0.000000,0.000000,4,0,0,0*20688f03

$GNGGA,094743.00,5729.72208315,N,00407.17645051,W,1,25,0.7,52.4020,M,53.6654,M,,*5C
#AGRICA,94,GPS,FINE,2405,121681000,0,0,18,25;GNSS,232,26,2,9,9,47,43,1,4,7,13,4,0.0000,0.0000,0.0000,0.0000,0.0000,0.0000,124.2923,6.0760,0.0000,0.034,-0.002,-0.020,-0.027,0.019,0.017,0.024,57.49536805247,-4.11960750849,52.4020,3426774.2100,-246812.9796,5355834.9004,2.0570,2.2394,2.7461,1.9023,2.0363,3.0037,0.00000000000,0.00000000000,0.0000,57.49535906383,-4.11964715724,49.7638,121681000,0.000,264.705872,53.665421,0.000000,0.000000,4,0,0,0*c00050d1